image_width: 320
image_height: 180
camera_name: senz3d
camera_matrix:
  rows: 3
  cols: 3
  data: [253.989626, 0.000000, 162.600859, 0.000000, 253.986213, 83.705470, 0.000000, 0.000000, 1.000000]
distortion_model: plumb_bob
distortion_coefficients:
  rows: 1
  cols: 5
  data: [0.038098, -0.110847, -0.003672, 0.002721, 0.000000]
rectification_matrix:
  rows: 3
  cols: 3
  data: [1.000000, 0.000000, 0.000000, 0.000000, 1.000000, 0.000000, 0.000000, 0.000000, 1.000000]
projection_matrix:
  rows: 3
  cols: 4
  data: [252.570068, 0.000000, 163.065338, 0.000000, 0.000000, 253.637787, 82.806894, 0.000000, 0.000000, 0.000000, 1.000000, 0.000000]
