image_width: 1280
image_height: 720
camera_name: senz3d
camera_matrix:
  rows: 3
  cols: 3
  data: [1003.589515, 0.000000, 641.717230, 0.000000, 1002.781432, 349.345981, 0.000000, 0.000000, 1.000000]
distortion_model: plumb_bob
distortion_coefficients:
  rows: 1
  cols: 5
  data: [0.047837, -0.115134, -0.001343, 0.009254, 0.000000]
rectification_matrix:
  rows: 3
  cols: 3
  data: [1.000000, 0.000000, 0.000000, 0.000000, 1.000000, 0.000000, 0.000000, 0.000000, 1.000000]
projection_matrix:
  rows: 3
  cols: 4
  data: [1002.390381, 0.000000, 653.074766, 0.000000, 0.000000, 1012.750488, 347.965529, 0.000000, 0.000000, 0.000000, 1.000000, 0.000000]
